Introduzca conjunto de datos o FIN para terminar la ejecución:Launching partition  0
Test set size:  154
Train set size:  614
Tam población:  50
Torneo entre:  [0.80219652 0.68324474 0.94866716 0.11301032 0.51646233 0.66567193
 0.20697054 0.63563433] [0.69360004 0.71804528 0.02332523 0.02398305 0.79978176 0.30852754
 0.20421999 0.7710128 ]
Devolvemos  [0.69360004 0.71804528 0.02332523 0.02398305 0.79978176 0.30852754
 0.20421999 0.7710128 ]
Torneo entre:  [0.35068956 0.67858367 0.56039377 0.93718296 0.2510548  0.36974274
 0.60309599 0.49459888] [0.62557606 0.63608298 0.38489938 0.51500745 0.72453178 0.89865045
 0.11222354 0.01719491]
Devolvemos  [0.62557606 0.63608298 0.38489938 0.51500745 0.72453178 0.89865045
 0.11222354 0.01719491]
Torneo entre:  [0.80219652 0.68324474 0.94866716 0.11301032 0.51646233 0.66567193
 0.20697054 0.63563433] [0.69360004 0.71804528 0.02332523 0.02398305 0.79978176 0.30852754
 0.20421999 0.7710128 ]
Devolvemos  [0.69360004 0.71804528 0.02332523 0.02398305 0.79978176 0.30852754
 0.20421999 0.7710128 ]
Torneo entre:  [0.35068956 0.67858367 0.56039377 0.93718296 0.2510548  0.36974274
 0.60309599 0.49459888] [0.62557606 0.63608298 0.38489938 0.51500745 0.72453178 0.89865045
 0.11222354 0.01719491]
Devolvemos  [0.62557606 0.63608298 0.38489938 0.51500745 0.72453178 0.89865045
 0.11222354 0.01719491]
Torneo entre:  [0.69360004 0.71804528 0.02332523 0.02398305 0.79978176 0.30852754
 0.20421999 0.7710128 ] [0.35263051 0.69896383 0.95429667 0.69897117 0.7518647  0.84809832
 0.3249776  0.77156978]
Devolvemos  [0.69360004 0.71804528 0.02332523 0.02398305 0.79978176 0.30852754
 0.20421999 0.7710128 ]
Torneo entre:  [0.09286579 0.55364401 0.01316099 0.22458508 0.57874708 0.84442695
 0.22215258 0.65456362] [0.41141471 0.31509604 0.53271376 0.83930047 0.64852983 0.98472341
 0.55616276 0.4426901 ]
Devolvemos  [0.09286579 0.55364401 0.01316099 0.22458508 0.57874708 0.84442695
 0.22215258 0.65456362]
Torneo entre:  [0.69360004 0.71804528 0.02332523 0.02398305 0.79978176 0.30852754
 0.20421999 0.7710128 ] [0.35263051 0.69896383 0.95429667 0.69897117 0.7518647  0.84809832
 0.3249776  0.77156978]
Devolvemos  [0.69360004 0.71804528 0.02332523 0.02398305 0.79978176 0.30852754
 0.20421999 0.7710128 ]
Torneo entre:  [0.09286579 0.55364401 0.01316099 0.22458508 0.57874708 0.84442695
 0.22215258 0.65456362] [0.41141471 0.31509604 0.53271376 0.83930047 0.64852983 0.98472341
 0.55616276 0.4426901 ]
Devolvemos  [0.09286579 0.55364401 0.01316099 0.22458508 0.57874708 0.84442695
 0.22215258 0.65456362]
Torneo entre:  [0.54392858 0.76086212 0.64383583 0.83266279 0.92095558 0.95917016
 0.49975956 0.7678082 ] [0.25550679 0.83756892 0.58771269 0.55250476 0.60638985 0.85570952
 0.06956857 0.25327833]
Devolvemos  [0.25550679 0.83756892 0.58771269 0.55250476 0.60638985 0.85570952
 0.06956857 0.25327833]
Torneo entre:  [0.13888945 0.99084398 0.60082218 0.95847554 0.70005463 0.10595195
 0.91582179 0.05801034] [0.29130283 0.36205834 0.24049104 0.12361508 0.11431059 0.29875013
 0.44718016 0.68449002]
Devolvemos  [0.29130283 0.36205834 0.24049104 0.12361508 0.11431059 0.29875013
 0.44718016 0.68449002]
Torneo entre:  [0.54392858 0.76086212 0.64383583 0.83266279 0.92095558 0.95917016
 0.49975956 0.7678082 ] [0.25550679 0.83756892 0.58771269 0.55250476 0.60638985 0.85570952
 0.06956857 0.25327833]
Devolvemos  [0.25550679 0.83756892 0.58771269 0.55250476 0.60638985 0.85570952
 0.06956857 0.25327833]
Torneo entre:  [0.13888945 0.99084398 0.60082218 0.95847554 0.70005463 0.10595195
 0.91582179 0.05801034] [0.29130283 0.36205834 0.24049104 0.12361508 0.11431059 0.29875013
 0.44718016 0.68449002]
Devolvemos  [0.29130283 0.36205834 0.24049104 0.12361508 0.11431059 0.29875013
 0.44718016 0.68449002]
Torneo entre:  [0.83369651 0.71946319 0.34654731 0.72165869 0.06327612 0.73572767
 0.37072838 0.62505572] [0.18342702 0.00172441 0.17533552 0.08199218 0.19939667 0.36150111
 0.17668119 0.70662344]
Devolvemos  [0.18342702 0.00172441 0.17533552 0.08199218 0.19939667 0.36150111
 0.17668119 0.70662344]
Torneo entre:  [0.72233771 0.55066716 0.53834511 0.1080325  0.9774993  0.49122597
 0.3149841  0.78524851] [0.28259254 0.43570674 0.14356056 0.92832417 0.15934321 0.48435784
 0.20920921 0.65832758]
Devolvemos  [0.72233771 0.55066716 0.53834511 0.1080325  0.9774993  0.49122597
 0.3149841  0.78524851]
Torneo entre:  [0.83369651 0.71946319 0.34654731 0.72165869 0.06327612 0.73572767
 0.37072838 0.62505572] [0.18342702 0.00172441 0.17533552 0.08199218 0.19939667 0.36150111
 0.17668119 0.70662344]
Devolvemos  [0.18342702 0.00172441 0.17533552 0.08199218 0.19939667 0.36150111
 0.17668119 0.70662344]
Torneo entre:  [0.72233771 0.55066716 0.53834511 0.1080325  0.9774993  0.49122597
 0.3149841  0.78524851] [0.28259254 0.43570674 0.14356056 0.92832417 0.15934321 0.48435784
 0.20920921 0.65832758]
Devolvemos  [0.72233771 0.55066716 0.53834511 0.1080325  0.9774993  0.49122597
 0.3149841  0.78524851]
Torneo entre:  [0.94341077 0.21481177 0.20268575 0.22753989 0.44340813 0.00973363
 0.92207609 0.07855971] [0.28008503 0.60132548 0.32295949 0.57483339 0.35885456 0.28532533
 0.30315592 0.40130231]
Devolvemos  [0.94341077 0.21481177 0.20268575 0.22753989 0.44340813 0.00973363
 0.92207609 0.07855971]
Torneo entre:  [0.47454353 0.03361075 0.39928642 0.40747451 0.72896681 0.7099954
 0.91001656 0.35858981] [0.22082186 0.19147959 0.26640937 0.31435567 0.71648387 0.74613624
 0.17537916 0.75623002]
Devolvemos  [0.47454353 0.03361075 0.39928642 0.40747451 0.72896681 0.7099954
 0.91001656 0.35858981]
Torneo entre:  [0.94341077 0.21481177 0.20268575 0.22753989 0.44340813 0.00973363
 0.92207609 0.07855971] [0.28008503 0.60132548 0.32295949 0.57483339 0.35885456 0.28532533
 0.30315592 0.40130231]
Devolvemos  [0.94341077 0.21481177 0.20268575 0.22753989 0.44340813 0.00973363
 0.92207609 0.07855971]
Torneo entre:  [0.47454353 0.03361075 0.39928642 0.40747451 0.72896681 0.7099954
 0.91001656 0.35858981] [0.22082186 0.19147959 0.26640937 0.31435567 0.71648387 0.74613624
 0.17537916 0.75623002]
Devolvemos  [0.47454353 0.03361075 0.39928642 0.40747451 0.72896681 0.7099954
 0.91001656 0.35858981]
Torneo entre:  [0.9960522  0.43409375 0.16518025 0.87763976 0.46776599 0.75018067
 0.75735049 0.73894024] [0.22082186 0.19147959 0.26640937 0.31435567 0.71648387 0.74613624
 0.17537916 0.75623002]
Devolvemos  [0.22082186 0.19147959 0.26640937 0.31435567 0.71648387 0.74613624
 0.17537916 0.75623002]
Torneo entre:  [0.80219652 0.68324474 0.94866716 0.11301032 0.51646233 0.66567193
 0.20697054 0.63563433] [0.22082186 0.19147959 0.26640937 0.31435567 0.71648387 0.74613624
 0.17537916 0.75623002]
Devolvemos  [0.22082186 0.19147959 0.26640937 0.31435567 0.71648387 0.74613624
 0.17537916 0.75623002]
Torneo entre:  [0.9960522  0.43409375 0.16518025 0.87763976 0.46776599 0.75018067
 0.75735049 0.73894024] [0.22082186 0.19147959 0.26640937 0.31435567 0.71648387 0.74613624
 0.17537916 0.75623002]
Devolvemos  [0.22082186 0.19147959 0.26640937 0.31435567 0.71648387 0.74613624
 0.17537916 0.75623002]
Torneo entre:  [0.80219652 0.68324474 0.94866716 0.11301032 0.51646233 0.66567193
 0.20697054 0.63563433] [0.22082186 0.19147959 0.26640937 0.31435567 0.71648387 0.74613624
 0.17537916 0.75623002]
Devolvemos  [0.22082186 0.19147959 0.26640937 0.31435567 0.71648387 0.74613624
 0.17537916 0.75623002]
Torneo entre:  [0.41141471 0.31509604 0.53271376 0.83930047 0.64852983 0.98472341
 0.55616276 0.4426901 ] [0.87915647 0.75129806 0.53837214 0.3014778  0.93979511 0.33303316
 0.88416479 0.18596049]
Devolvemos  [0.41141471 0.31509604 0.53271376 0.83930047 0.64852983 0.98472341
 0.55616276 0.4426901 ]
Torneo entre:  [0.87668116 0.75111429 0.087446   0.63708759 0.31363086 0.95744405
 0.28029496 0.66960074] [0.80219652 0.68324474 0.94866716 0.11301032 0.51646233 0.66567193
 0.20697054 0.63563433]
Devolvemos  [0.87668116 0.75111429 0.087446   0.63708759 0.31363086 0.95744405
 0.28029496 0.66960074]
Torneo entre:  [0.41141471 0.31509604 0.53271376 0.83930047 0.64852983 0.98472341
 0.55616276 0.4426901 ] [0.87915647 0.75129806 0.53837214 0.3014778  0.93979511 0.33303316
 0.88416479 0.18596049]
Devolvemos  [0.41141471 0.31509604 0.53271376 0.83930047 0.64852983 0.98472341
 0.55616276 0.4426901 ]
Torneo entre:  [0.87668116 0.75111429 0.087446   0.63708759 0.31363086 0.95744405
 0.28029496 0.66960074] [0.80219652 0.68324474 0.94866716 0.11301032 0.51646233 0.66567193
 0.20697054 0.63563433]
Devolvemos  [0.87668116 0.75111429 0.087446   0.63708759 0.31363086 0.95744405
 0.28029496 0.66960074]
Torneo entre:  [0.55941267 0.4574575  0.65981757 0.26432972 0.27150913 0.40042436
 0.31289846 0.24939737] [0.29130283 0.36205834 0.24049104 0.12361508 0.11431059 0.29875013
 0.44718016 0.68449002]
Devolvemos  [0.29130283 0.36205834 0.24049104 0.12361508 0.11431059 0.29875013
 0.44718016 0.68449002]
Torneo entre:  [0.55941267 0.4574575  0.65981757 0.26432972 0.27150913 0.40042436
 0.31289846 0.24939737] [0.07011027 0.56480237 0.18409532 0.5806837  0.2613644  0.6541
 0.22797761 0.1712842 ]
Devolvemos  [0.55941267 0.4574575  0.65981757 0.26432972 0.27150913 0.40042436
 0.31289846 0.24939737]
Torneo entre:  [0.55941267 0.4574575  0.65981757 0.26432972 0.27150913 0.40042436
 0.31289846 0.24939737] [0.29130283 0.36205834 0.24049104 0.12361508 0.11431059 0.29875013
 0.44718016 0.68449002]
Devolvemos  [0.29130283 0.36205834 0.24049104 0.12361508 0.11431059 0.29875013
 0.44718016 0.68449002]
Torneo entre:  [0.55941267 0.4574575  0.65981757 0.26432972 0.27150913 0.40042436
 0.31289846 0.24939737] [0.07011027 0.56480237 0.18409532 0.5806837  0.2613644  0.6541
 0.22797761 0.1712842 ]
Devolvemos  [0.55941267 0.4574575  0.65981757 0.26432972 0.27150913 0.40042436
 0.31289846 0.24939737]
Torneo entre:  [0.47454353 0.03361075 0.39928642 0.40747451 0.72896681 0.7099954
 0.91001656 0.35858981] [0.22082186 0.19147959 0.26640937 0.31435567 0.71648387 0.74613624
 0.17537916 0.75623002]
Devolvemos  [0.47454353 0.03361075 0.39928642 0.40747451 0.72896681 0.7099954
 0.91001656 0.35858981]
Torneo entre:  [0.59716384 0.73433762 0.62322584 0.95969898 0.01215316 0.19226373
 0.91666612 0.07191935] [0.36475746 0.78421616 0.9439801  0.28435635 0.94831532 0.91873565
 0.15361025 0.30921169]
Devolvemos  [0.59716384 0.73433762 0.62322584 0.95969898 0.01215316 0.19226373
 0.91666612 0.07191935]
Torneo entre:  [0.47454353 0.03361075 0.39928642 0.40747451 0.72896681 0.7099954
 0.91001656 0.35858981] [0.22082186 0.19147959 0.26640937 0.31435567 0.71648387 0.74613624
 0.17537916 0.75623002]
Devolvemos  [0.47454353 0.03361075 0.39928642 0.40747451 0.72896681 0.7099954
 0.91001656 0.35858981]
Torneo entre:  [0.59716384 0.73433762 0.62322584 0.95969898 0.01215316 0.19226373
 0.91666612 0.07191935] [0.36475746 0.78421616 0.9439801  0.28435635 0.94831532 0.91873565
 0.15361025 0.30921169]
Devolvemos  [0.59716384 0.73433762 0.62322584 0.95969898 0.01215316 0.19226373
 0.91666612 0.07191935]
Torneo entre:  [0.22082186 0.19147959 0.26640937 0.31435567 0.71648387 0.74613624
 0.17537916 0.75623002] [0.65486562 0.70153707 0.10635003 0.33147861 0.80204806 1.
 0.12247938 0.11852312]
Devolvemos  [0.22082186 0.19147959 0.26640937 0.31435567 0.71648387 0.74613624
 0.17537916 0.75623002]
Torneo entre:  [0.22082186 0.19147959 0.18917105 0.31435567 0.71648387 0.74613624
 0.17537916 0.75623002] [0.9960522  0.43409375 0.16518025 0.87763976 0.46776599 0.75018067
 0.75735049 0.73894024]
Devolvemos  [0.9960522  0.43409375 0.16518025 0.87763976 0.46776599 0.75018067
 0.75735049 0.73894024]
Torneo entre:  [0.22082186 0.19147959 0.26640937 0.31435567 0.71648387 0.74613624
 0.17537916 0.75623002] [0.65486562 0.70153707 0.10635003 0.33147861 0.80204806 1.
 0.12247938 0.11852312]
Devolvemos  [0.22082186 0.19147959 0.26640937 0.31435567 0.71648387 0.74613624
 0.17537916 0.75623002]
Torneo entre:  [0.22082186 0.19147959 0.18917105 0.31435567 0.71648387 0.74613624
 0.17537916 0.75623002] [0.9960522  0.43409375 0.16518025 0.87763976 0.46776599 0.75018067
 0.75735049 0.73894024]
Devolvemos  [0.9960522  0.43409375 0.16518025 0.87763976 0.46776599 0.75018067
 0.75735049 0.73894024]
Torneo entre:  [0.48912183 0.44853173 0.28674119 0.55738815 0.71148432 0.74528751
 0.62204849 0.75686016] [0.65486562 0.70153707 0.10635003 0.33147861 0.80204806 1.
 0.12247938 0.11852312]
Devolvemos  [0.48912183 0.44853173 0.28674119 0.55738815 0.71148432 0.74528751
 0.62204849 0.75686016]
Torneo entre:  [0.48912183 0.44853173 0.28674119 0.55738815 0.71148432 0.74528751
 0.62204849 0.75686016] [0.79685431 0.95183069 0.33073388 0.84971666 0.21599435 0.35860067
 0.21701432 0.78953279]
Devolvemos  [0.79685431 0.95183069 0.33073388 0.84971666 0.21599435 0.35860067
 0.21701432 0.78953279]
Torneo entre:  [0.48912183 0.44853173 0.28674119 0.55738815 0.71148432 0.74528751
 0.62204849 0.75686016] [0.65486562 0.70153707 0.10635003 0.33147861 0.80204806 1.
 0.12247938 0.11852312]
Devolvemos  [0.48912183 0.44853173 0.28674119 0.55738815 0.71148432 0.74528751
 0.62204849 0.75686016]
Torneo entre:  [0.48912183 0.44853173 0.28674119 0.55738815 0.71148432 0.74528751
 0.62204849 0.75686016] [0.79685431 0.95183069 0.33073388 0.84971666 0.21599435 0.35860067
 0.21701432 0.78953279]
Devolvemos  [0.79685431 0.95183069 0.33073388 0.84971666 0.21599435 0.35860067
 0.21701432 0.78953279]
Torneo entre:  [0.76538645 1.         0.32411118 1.         0.50826409 0.64419131
 0.21285672 0.76982978] [0.56447992 0.2059338  0.24097243 0.82579684 0.45442362 0.80184223
 0.79558668 0.45591428]
Devolvemos  [0.56447992 0.2059338  0.24097243 0.82579684 0.45442362 0.80184223
 0.79558668 0.45591428]
Torneo entre:  [0.62557606 0.63608298 0.38489938 0.51500745 0.72453178 0.89865045
 0.11222354 0.01719491] [0.28259254 0.43570674 0.14356056 0.92832417 0.15934321 0.48435784
 0.20920921 0.65832758]
Devolvemos  [0.62557606 0.63608298 0.38489938 0.51500745 0.72453178 0.89865045
 0.11222354 0.01719491]
Torneo entre:  [0.76538645 1.         0.32411118 1.         0.50826409 0.64419131
 0.21285672 0.76982978] [0.56447992 0.2059338  0.24097243 0.82579684 0.45442362 0.80184223
 0.79558668 0.45591428]
Devolvemos  [0.56447992 0.2059338  0.24097243 0.82579684 0.45442362 0.80184223
 0.79558668 0.45591428]
Torneo entre:  [0.62557606 0.63608298 0.38489938 0.51500745 0.72453178 0.89865045
 0.11222354 0.01719491] [0.28259254 0.43570674 0.14356056 0.92832417 0.15934321 0.48435784
 0.20920921 0.65832758]
Devolvemos  [0.62557606 0.63608298 0.38489938 0.51500745 0.72453178 0.89865045
 0.11222354 0.01719491]
Torneo entre:  [0.50761156 0.9649445  0.28584724 0.60111048 0.8632352  0.23613363
 0.52507606 0.03946318] [0.44325134 0.23445483 0.31934265 0.02165418 0.46099642 0.246792
 0.90996044 0.2564179 ]
Devolvemos  [0.44325134 0.23445483 0.31934265 0.02165418 0.46099642 0.246792
 0.90996044 0.2564179 ]
Torneo entre:  [0.55941267 0.4574575  0.65981757 0.26432972 0.27150913 0.40042436
 0.31289846 0.24939737] [0.79685431 0.95183069 0.33073388 0.84971666 0.21599435 0.35860067
 0.21701432 0.78953279]
Devolvemos  [0.79685431 0.95183069 0.33073388 0.84971666 0.21599435 0.35860067
 0.21701432 0.78953279]
Torneo entre:  [0.50761156 0.9649445  0.28584724 0.60111048 0.8632352  0.23613363
 0.52507606 0.03946318] [0.44325134 0.23445483 0.31934265 0.02165418 0.46099642 0.246792
 0.90996044 0.2564179 ]
Devolvemos  [0.44325134 0.23445483 0.31934265 0.02165418 0.46099642 0.246792
 0.90996044 0.2564179 ]
Torneo entre:  [0.55941267 0.4574575  0.65981757 0.26432972 0.27150913 0.40042436
 0.31289846 0.24939737] [0.79685431 0.95183069 0.33073388 0.84971666 0.21599435 0.35860067
 0.21701432 0.78953279]
Devolvemos  [0.79685431 0.95183069 0.33073388 0.84971666 0.21599435 0.35860067
 0.21701432 0.78953279]
Torneo entre:  [0.62889927 0.71442247 0.14741975 0.         0.81550249 0.36043051
 0.10085581 0.82408096] [0.75463186 0.60694264 0.99780679 0.24032118 0.1986979  0.77653679
 0.67575364 0.02766189]
Devolvemos  [0.62889927 0.71442247 0.14741975 0.         0.81550249 0.36043051
 0.10085581 0.82408096]
Torneo entre:  [0.56447992 0.2059338  0.24097243 0.82579684 0.45442362 0.80184223
 0.79558668 0.45591428] [0.40952969 0.53282699 0.30698444 0.08794166 0.19241219 0.51900454
 0.21774405 0.51446323]
Devolvemos  [0.40952969 0.53282699 0.30698444 0.08794166 0.19241219 0.51900454
 0.21774405 0.51446323]
Torneo entre:  [0.62889927 0.71442247 0.14741975 0.         0.81550249 0.36043051
 0.10085581 0.82408096] [0.75463186 0.60694264 0.99780679 0.24032118 0.1986979  0.77653679
 0.67575364 0.02766189]
Devolvemos  [0.62889927 0.71442247 0.14741975 0.         0.81550249 0.36043051
 0.10085581 0.82408096]
Torneo entre:  [0.56447992 0.2059338  0.24097243 0.82579684 0.45442362 0.80184223
 0.79558668 0.45591428] [0.40952969 0.53282699 0.30698444 0.08794166 0.19241219 0.51900454
 0.21774405 0.51446323]
Devolvemos  [0.40952969 0.53282699 0.30698444 0.08794166 0.19241219 0.51900454
 0.21774405 0.51446323]
Torneo entre:  [0.95908391 0.43978601 0.7707573  0.657504   0.38748713 0.304382
 0.39315994 0.93008328] [0.63619281 0.70513332 0.01615457 0.23954934 0.58841888 0.65386383
 0.20539741 0.64838639]
Devolvemos  [0.63619281 0.70513332 0.01615457 0.23954934 0.58841888 0.65386383
 0.20539741 0.64838639]
Torneo entre:  [0.56447992 0.2059338  0.24097243 0.82579684 0.45442362 0.80184223
 0.79558668 0.45591428] [0.7409689  0.24650276 0.20615445 0.41741238 0.7704325  0.89294376
 0.91113528 0.08052203]
Devolvemos  [0.56447992 0.2059338  0.24097243 0.82579684 0.45442362 0.80184223
 0.79558668 0.45591428]
Torneo entre:  [0.95908391 0.43978601 0.7707573  0.657504   0.38748713 0.304382
 0.39315994 0.93008328] [0.63619281 0.70513332 0.01615457 0.23954934 0.58841888 0.65386383
 0.20539741 0.64838639]
Devolvemos  [0.63619281 0.70513332 0.01615457 0.23954934 0.58841888 0.65386383
 0.20539741 0.64838639]
Torneo entre:  [0.56447992 0.2059338  0.24097243 0.82579684 0.45442362 0.80184223
 0.79558668 0.45591428] [0.7409689  0.24650276 0.20615445 0.41741238 0.7704325  0.89294376
 0.91113528 0.08052203]
Devolvemos  [0.56447992 0.2059338  0.24097243 0.82579684 0.45442362 0.80184223
 0.79558668 0.45591428]
Torneo entre:  [0.62889927 0.71442247 0.14741975 0.         0.81550249 0.36043051
 0.10085581 0.82408096] [0.48912183 0.44853173 0.28674119 0.55738815 0.71148432 0.74528751
 0.62204849 0.75686016]
Devolvemos  [0.62889927 0.71442247 0.14741975 0.         0.81550249 0.36043051
 0.10085581 0.82408096]
Torneo entre:  [0.76538645 1.         0.32411118 1.         0.50826409 0.64419131
 0.21285672 0.76982978] [0.59633882 0.         0.34341793 0.5127447  0.         0.22443681
 0.50290183 0.23016319]
Devolvemos  [0.59633882 0.         0.34341793 0.5127447  0.         0.22443681
 0.50290183 0.23016319]
Torneo entre:  [0.62889927 0.71442247 0.14741975 0.         0.81550249 0.36043051
 0.10085581 0.82408096] [0.48912183 0.44853173 0.28674119 0.55738815 0.71148432 0.74528751
 0.62204849 0.75686016]
Devolvemos  [0.62889927 0.71442247 0.14741975 0.         0.81550249 0.36043051
 0.10085581 0.82408096]
Torneo entre:  [0.76538645 1.         0.32411118 1.         0.50826409 0.64419131
 0.21285672 0.76982978] [0.59633882 0.         0.34341793 0.5127447  0.         0.22443681
 0.50290183 0.23016319]
Devolvemos  [0.59633882 0.         0.34341793 0.5127447  0.         0.22443681
 0.50290183 0.23016319]
Torneo entre:  [0.50761156 0.9649445  0.28584724 0.60111048 0.8632352  0.23613363
 0.52507606 0.03946318] [0.87915647 0.75129806 0.53837214 0.3014778  0.93979511 0.33303316
 0.88416479 0.18596049]
Devolvemos  [0.87915647 0.75129806 0.53837214 0.3014778  0.93979511 0.33303316
 0.88416479 0.18596049]
Torneo entre:  [0.36501199 0.47454365 0.27544345 0.08687927 0.62467154 0.37053087
 0.24737987 0.68922281] [0.59633882 0.         0.34341793 0.5127447  0.         0.22443681
 0.50290183 0.23016319]
Devolvemos  [0.36501199 0.47454365 0.27544345 0.08687927 0.62467154 0.37053087
 0.24737987 0.68922281]
Torneo entre:  [0.50761156 0.9649445  0.28584724 0.60111048 0.8632352  0.23613363
 0.52507606 0.03946318] [0.87915647 0.75129806 0.53837214 0.3014778  0.93979511 0.33303316
 0.88416479 0.18596049]
Devolvemos  [0.87915647 0.75129806 0.53837214 0.3014778  0.93979511 0.33303316
 0.88416479 0.18596049]
Torneo entre:  [0.36501199 0.47454365 0.27544345 0.08687927 0.62467154 0.37053087
 0.24737987 0.68922281] [0.59633882 0.         0.34341793 0.5127447  0.         0.22443681
 0.50290183 0.23016319]
Devolvemos  [0.36501199 0.47454365 0.27544345 0.08687927 0.62467154 0.37053087
 0.24737987 0.68922281]
Torneo entre:  [0.71160076 0.56103647 0.07535419 0.20911649 0.56923744 0.47718327
 0.33303012 0.09158659] [0.9960522  0.43409375 0.16518025 0.87763976 0.46776599 0.75018067
 0.75735049 0.73894024]
Devolvemos  [0.71160076 0.56103647 0.07535419 0.20911649 0.56923744 0.47718327
 0.33303012 0.09158659]
Torneo entre:  [0.34575559 0.61575874 0.02801778 0.         0.23324645 0.41865783
 0.10519639 0.53363545] [0.18342702 0.00172441 0.17533552 0.08199218 0.19939667 0.36150111
 0.17668119 0.70662344]
Devolvemos  [0.34575559 0.61575874 0.02801778 0.         0.23324645 0.41865783
 0.10519639 0.53363545]
Torneo entre:  [0.71160076 0.56103647 0.07535419 0.20911649 0.56923744 0.47718327
 0.33303012 0.09158659] [0.9960522  0.43409375 0.16518025 0.87763976 0.46776599 0.75018067
 0.75735049 0.73894024]
Devolvemos  [0.71160076 0.56103647 0.07535419 0.20911649 0.56923744 0.47718327
 0.33303012 0.09158659]
Torneo entre:  [0.34575559 0.61575874 0.02801778 0.         0.23324645 0.41865783
 0.10519639 0.53363545] [0.18342702 0.00172441 0.17533552 0.08199218 0.19939667 0.36150111
 0.17668119 0.70662344]
Devolvemos  [0.34575559 0.61575874 0.02801778 0.         0.23324645 0.41865783
 0.10519639 0.53363545]
Torneo entre:  [0.44892445 0.58309541 0.0345475  0.27640743 0.48005185 0.62920571
 0.6556285  0.37578396] [0.54716167 0.37058208 0.37880678 0.17250775 0.14647849 0.32576512
 0.44927736 0.54138908]
Devolvemos  [0.44892445 0.58309541 0.0345475  0.27640743 0.48005185 0.62920571
 0.6556285  0.37578396]
Torneo entre:  [0.79685431 0.95183069 0.33073388 0.84971666 0.21599435 0.35860067
 0.21701432 0.78953279] [0.41141471 0.31509604 0.53271376 0.83930047 0.64852983 0.98472341
 0.55616276 0.4426901 ]
Devolvemos  [0.41141471 0.31509604 0.53271376 0.83930047 0.64852983 0.98472341
 0.55616276 0.4426901 ]
Torneo entre:  [0.44892445 0.58309541 0.0345475  0.27640743 0.48005185 0.62920571
 0.6556285  0.37578396] [0.54716167 0.37058208 0.37880678 0.17250775 0.14647849 0.32576512
 0.44927736 0.54138908]
Devolvemos  [0.44892445 0.58309541 0.0345475  0.27640743 0.48005185 0.62920571
 0.6556285  0.37578396]
Torneo entre:  [0.79685431 0.95183069 0.33073388 0.84971666 0.21599435 0.35860067
 0.21701432 0.78953279] [0.41141471 0.31509604 0.53271376 0.83930047 0.64852983 0.98472341
 0.55616276 0.4426901 ]
Devolvemos  [0.41141471 0.31509604 0.53271376 0.83930047 0.64852983 0.98472341
 0.55616276 0.4426901 ]
Torneo entre:  [0.52735592 0.50621654 0.18012709 0.04652651 0.17016998 0.53895458
 0.1691261  0.52305811] [0.72119555 0.91137299 0.33725984 0.26974372 0.34353776 0.83385695
 0.12699789 0.90284726]
Devolvemos  [0.52735592 0.50621654 0.18012709 0.04652651 0.17016998 0.53895458
 0.1691261  0.52305811]
Torneo entre:  [0.56447992 0.2059338  0.24097243 0.82579684 0.45442362 0.80184223
 0.79558668 0.45591428] [1.         0.12337497 0.28575273 0.4909623  0.67588952 0.7492474
 0.50317856 0.75616246]
Devolvemos  [1.         0.12337497 0.28575273 0.4909623  0.67588952 0.7492474
 0.50317856 0.75616246]
Torneo entre:  [0.52735592 0.50621654 0.18012709 0.04652651 0.17016998 0.53895458
 0.1691261  0.52305811] [0.72119555 0.91137299 0.33725984 0.26974372 0.34353776 0.83385695
 0.12699789 0.90284726]
Devolvemos  [0.52735592 0.50621654 0.18012709 0.04652651 0.17016998 0.53895458
 0.1691261  0.52305811]
Torneo entre:  [0.56447992 0.2059338  0.24097243 0.82579684 0.45442362 0.80184223
 0.79558668 0.45591428] [1.         0.12337497 0.28575273 0.4909623  0.67588952 0.7492474
 0.50317856 0.75616246]
Devolvemos  [1.         0.12337497 0.28575273 0.4909623  0.67588952 0.7492474
 0.50317856 0.75616246]
Torneo entre:  [0.55509631 0.50909852 0.53863049 0.54581086 0.08157347 0.4417649
 0.91834362 0.04542385] [0.7409689  0.24650276 0.20615445 0.41741238 0.7704325  0.89294376
 0.91113528 0.08052203]
Devolvemos  [0.55509631 0.50909852 0.53863049 0.54581086 0.08157347 0.4417649
 0.91834362 0.04542385]
Torneo entre:  [0.86885905 0.19099697 0.24425845 0.54772606 0.16828785 0.93829251
 0.62150595 0.83387614] [0.34575559 0.61575874 0.02801778 0.         0.23324645 0.41865783
 0.10519639 0.53363545]
Devolvemos  [0.34575559 0.61575874 0.02801778 0.         0.23324645 0.41865783
 0.10519639 0.53363545]
Torneo entre:  [0.55509631 0.50909852 0.53863049 0.54581086 0.08157347 0.4417649
 0.91834362 0.04542385] [0.7409689  0.24650276 0.20615445 0.41741238 0.7704325  0.89294376
 0.91113528 0.08052203]
Devolvemos  [0.55509631 0.50909852 0.53863049 0.54581086 0.08157347 0.4417649
 0.91834362 0.04542385]
Torneo entre:  [0.86885905 0.19099697 0.24425845 0.54772606 0.16828785 0.93829251
 0.62150595 0.83387614] [0.34575559 0.61575874 0.02801778 0.         0.23324645 0.41865783
 0.10519639 0.53363545]
Devolvemos  [0.34575559 0.61575874 0.02801778 0.         0.23324645 0.41865783
 0.10519639 0.53363545]
Torneo entre:  [1.         0.29453457 0.16856965 0.53310207 0.09674946 0.48554928
 0.38828949 0.491027  ] [0.35193482 0.39427014 0.27763027 0.76171266 0.27533442 0.36816095
 0.32873462 0.44277863]
Devolvemos  [0.35193482 0.39427014 0.27763027 0.76171266 0.27533442 0.36816095
 0.32873462 0.44277863]
Torneo entre:  [0.71160076 0.56103647 0.07535419 0.20911649 0.56923744 0.47718327
 0.33303012 0.09158659] [0.41141471 0.31509604 0.53271376 0.83930047 0.64852983 0.98472341
 0.55616276 0.4426901 ]
Devolvemos  [0.71160076 0.56103647 0.07535419 0.20911649 0.56923744 0.47718327
 0.33303012 0.09158659]
Torneo entre:  [1.         0.29453457 0.16856965 0.53310207 0.09674946 0.48554928
 0.38828949 0.491027  ] [0.35193482 0.39427014 0.27763027 0.76171266 0.27533442 0.36816095
 0.32873462 0.44277863]
Devolvemos  [0.35193482 0.39427014 0.27763027 0.76171266 0.27533442 0.36816095
 0.32873462 0.44277863]
Torneo entre:  [0.71160076 0.56103647 0.07535419 0.20911649 0.56923744 0.47718327
 0.33303012 0.09158659] [0.41141471 0.31509604 0.53271376 0.83930047 0.64852983 0.98472341
 0.55616276 0.4426901 ]
Devolvemos  [0.71160076 0.56103647 0.07535419 0.20911649 0.56923744 0.47718327
 0.33303012 0.09158659]
Torneo entre:  [1.         0.29453457 0.16856965 0.53310207 0.09674946 0.48554928
 0.38828949 0.491027  ] [0.22082186 0.19147959 0.26640937 0.31435567 0.71648387 0.74613624
 0.17537916 0.75623002]
Devolvemos  [0.22082186 0.19147959 0.26640937 0.31435567 0.71648387 0.74613624
 0.17537916 0.75623002]
Torneo entre:  [0.36501199 0.47454365 0.27544345 0.08687927 0.62467154 0.37053087
 0.24737987 0.68922281] [0.41141471 0.31509604 0.53271376 0.83930047 0.64852983 0.98472341
 0.55616276 0.4426901 ]
Devolvemos  [0.36501199 0.47454365 0.27544345 0.08687927 0.62467154 0.37053087
 0.24737987 0.68922281]
Torneo entre:  [1.         0.29453457 0.16856965 0.53310207 0.09674946 0.48554928
 0.38828949 0.491027  ] [0.22082186 0.19147959 0.26640937 0.31435567 0.71648387 0.74613624
 0.17537916 0.75623002]
Devolvemos  [0.22082186 0.19147959 0.26640937 0.31435567 0.71648387 0.74613624
 0.17537916 0.75623002]
Torneo entre:  [0.36501199 0.47454365 0.27544345 0.08687927 0.62467154 0.37053087
 0.24737987 0.68922281] [0.41141471 0.31509604 0.53271376 0.83930047 0.64852983 0.98472341
 0.55616276 0.4426901 ]
Devolvemos  [0.36501199 0.47454365 0.27544345 0.08687927 0.62467154 0.37053087
 0.24737987 0.68922281]
Torneo entre:  [1.         0.12337497 0.28575273 0.4909623  0.67588952 0.7492474
 0.50317856 0.75616246] [0.09169416 0.39076007 0.00149241 0.30356938 0.83538175 0.83343924
 0.42758506 0.66308954]
Devolvemos  [0.09169416 0.39076007 0.00149241 0.30356938 0.83538175 0.83343924
 0.42758506 0.66308954]
Torneo entre:  [0.35193482 0.39427014 0.27763027 0.76171266 0.27533442 0.36816095
 0.32873462 0.44277863] [0.22082186 0.19147959 0.26640937 0.31435567 0.71648387 0.74613624
 0.17537916 0.75623002]
Devolvemos  [0.35193482 0.39427014 0.27763027 0.76171266 0.27533442 0.36816095
 0.32873462 0.44277863]
Torneo entre:  [1.         0.12337497 0.28575273 0.4909623  0.67588952 0.7492474
 0.50317856 0.75616246] [0.09169416 0.39076007 0.00149241 0.30356938 0.83538175 0.83343924
 0.42758506 0.66308954]
Devolvemos  [0.09169416 0.39076007 0.00149241 0.30356938 0.83538175 0.83343924
 0.42758506 0.66308954]
Torneo entre:  [0.35193482 0.39427014 0.27763027 0.76171266 0.27533442 0.36816095
 0.32873462 0.44277863] [0.22082186 0.19147959 0.26640937 0.31435567 0.71648387 0.74613624
 0.17537916 0.75623002]
Devolvemos  [0.35193482 0.39427014 0.27763027 0.76171266 0.27533442 0.36816095
 0.32873462 0.44277863]
Torneo entre:  [0.35193482 0.39427014 0.27763027 0.76171266 0.27533442 0.36816095
 0.32873462 0.44277863] [0.47454353 0.03361075 0.39928642 0.40747451 0.72896681 0.7099954
 0.91001656 0.35858981]
Devolvemos  [0.35193482 0.39427014 0.27763027 0.76171266 0.27533442 0.36816095
 0.32873462 0.44277863]
Torneo entre:  [0.87915647 0.75129806 0.53837214 0.3014778  0.93979511 0.33303316
 0.88416479 0.18596049] [0.65341785 0.02609459 0.46456983 0.95241169 0.53929739 0.90671678
 0.71588274 0.96444676]
Devolvemos  [0.65341785 0.02609459 0.46456983 0.95241169 0.53929739 0.90671678
 0.71588274 0.96444676]
Torneo entre:  [0.35193482 0.39427014 0.27763027 0.76171266 0.27533442 0.36816095
 0.32873462 0.44277863] [0.47454353 0.03361075 0.39928642 0.40747451 0.72896681 0.7099954
 0.91001656 0.35858981]
Devolvemos  [0.35193482 0.39427014 0.27763027 0.76171266 0.27533442 0.36816095
 0.32873462 0.44277863]
Torneo entre:  [0.87915647 0.75129806 0.53837214 0.3014778  0.93979511 0.33303316
 0.88416479 0.18596049] [0.65341785 0.02609459 0.46456983 0.95241169 0.53929739 0.90671678
 0.71588274 0.96444676]
Devolvemos  [0.65341785 0.02609459 0.46456983 0.95241169 0.53929739 0.90671678
 0.71588274 0.96444676]
Torneo entre:  [0.87915647 0.75129806 0.53837214 0.3014778  0.93979511 0.33303316
 0.88416479 0.18596049] [0.87668116 0.75111429 0.087446   0.63708759 0.31363086 0.95744405
 0.28029496 0.66960074]
Devolvemos  [0.87668116 0.75111429 0.087446   0.63708759 0.31363086 0.95744405
 0.28029496 0.66960074]
Torneo entre:  [0.71160076 0.56103647 0.07535419 0.20911649 0.56923744 0.47718327
 0.33303012 0.09158659] [0.63267722 0.59003507 0.07678775 0.26304238 0.37102841 0.48230849
 0.04175075 0.50979706]
Devolvemos  [0.71160076 0.56103647 0.07535419 0.20911649 0.56923744 0.47718327
 0.33303012 0.09158659]
Torneo entre:  [0.87915647 0.75129806 0.53837214 0.3014778  0.93979511 0.33303316
 0.88416479 0.18596049] [0.87668116 0.75111429 0.087446   0.63708759 0.31363086 0.95744405
 0.28029496 0.66960074]
Devolvemos  [0.87668116 0.75111429 0.087446   0.63708759 0.31363086 0.95744405
 0.28029496 0.66960074]
Torneo entre:  [0.71160076 0.56103647 0.07535419 0.20911649 0.56923744 0.47718327
 0.33303012 0.09158659] [0.63267722 0.59003507 0.07678775 0.26304238 0.37102841 0.48230849
 0.04175075 0.50979706]
Devolvemos  [0.71160076 0.56103647 0.07535419 0.20911649 0.56923744 0.47718327
 0.33303012 0.09158659]
Torneo entre:  [0.56894687 0.45611056 0.14959553 0.33985156 0.4644424  0.82154287
 0.0947779  0.551754  ] [0.68677324 0.54991892 0.10267178 0.10039472 0.32830866 0.45586764
 0.33339382 0.51630715]
Devolvemos  [0.68677324 0.54991892 0.10267178 0.10039472 0.32830866 0.45586764
 0.33339382 0.51630715]
Torneo entre:  [0.6822717  0.54815214 0.07559753 0.         0.24557273 0.40220996
 0.43747086 0.22131054] [0.41141471 0.31509604 0.53271376 0.83930047 0.64852983 0.98472341
 0.55616276 0.4426901 ]
Devolvemos  [0.6822717  0.54815214 0.07559753 0.         0.24557273 0.40220996
 0.43747086 0.22131054]
Torneo entre:  [0.56894687 0.45611056 0.14959553 0.33985156 0.4644424  0.82154287
 0.0947779  0.551754  ] [0.68677324 0.54991892 0.10267178 0.10039472 0.32830866 0.45586764
 0.33339382 0.51630715]
Devolvemos  [0.68677324 0.54991892 0.10267178 0.10039472 0.32830866 0.45586764
 0.33339382 0.51630715]
Torneo entre:  [0.6822717  0.54815214 0.07559753 0.         0.24557273 0.40220996
 0.43747086 0.22131054] [0.41141471 0.31509604 0.53271376 0.83930047 0.64852983 0.98472341
 0.55616276 0.4426901 ]
Devolvemos  [0.6822717  0.54815214 0.07559753 0.         0.24557273 0.40220996
 0.43747086 0.22131054]
Torneo entre:  [0.75463186 0.60694264 0.99780679 0.24032118 0.1986979  0.77653679
 0.67575364 0.02766189] [1.         0.12337497 0.28575273 0.4909623  0.67588952 0.7492474
 0.50317856 0.75616246]
Devolvemos  [1.         0.12337497 0.28575273 0.4909623  0.67588952 0.7492474
 0.50317856 0.75616246]
Torneo entre:  [0.86885905 0.19099697 0.24425845 0.54772606 0.16828785 0.93829251
 0.62150595 0.83387614] [0.22082186 0.19147959 0.26640937 0.31435567 0.71648387 0.74613624
 0.17537916 0.75623002]
Devolvemos  [0.86885905 0.19099697 0.24425845 0.54772606 0.16828785 0.93829251
 0.62150595 0.83387614]
Torneo entre:  [0.75463186 0.60694264 0.99780679 0.24032118 0.1986979  0.77653679
 0.67575364 0.02766189] [1.         0.12337497 0.28575273 0.4909623  0.67588952 0.7492474
 0.50317856 0.75616246]
Devolvemos  [1.         0.12337497 0.28575273 0.4909623  0.67588952 0.7492474
 0.50317856 0.75616246]
Torneo entre:  [0.86885905 0.19099697 0.24425845 0.54772606 0.16828785 0.93829251
 0.62150595 0.83387614] [0.22082186 0.19147959 0.26640937 0.31435567 0.71648387 0.74613624
 0.17537916 0.75623002]
Devolvemos  [0.86885905 0.19099697 0.24425845 0.54772606 0.16828785 0.93829251
 0.62150595 0.83387614]
Poblacion:  [array([0.44892445, 0.58309541, 0.0345475 , 0.27640743, 0.48005185,
       0.62920571, 0.6556285 , 0.37578396]), array([0.86885905, 0.19099697, 0.24425845, 0.54772606, 0.16828785,
       0.93829251, 0.62150595, 0.83387614]), array([0.59633882, 0.        , 0.34341793, 0.5127447 , 0.        ,
       0.22443681, 0.50290183, 0.23016319]), array([0.75463186, 0.60694264, 0.99780679, 0.24032118, 0.1986979 ,
       0.77653679, 0.67575364, 0.02766189]), array([0.59716384, 0.73433762, 0.62322584, 0.95969898, 0.01215316,
       0.19226373, 0.91666612, 0.07191935]), array([1.        , 0.12337497, 0.28575273, 0.4909623 , 0.67588952,
       0.7492474 , 0.50317856, 0.75616246]), array([0.62889927, 0.71442247, 0.14741975, 0.        , 0.81550249,
       0.36043051, 0.10085581, 0.82408096]), array([0.93194449, 0.20031232, 0.28719148, 0.50645314, 0.82744569,
       0.85202005, 0.57711406, 0.74623068]), array([0.18342702, 0.00172441, 0.17533552, 0.08199218, 0.19939667,
       0.36150111, 0.17668119, 0.70662344]), array([0.79685431, 0.95183069, 0.33073388, 0.84971666, 0.21599435,
       0.35860067, 0.21701432, 0.78953279]), array([0.76044668, 0.95405413, 0.32681079, 0.0097866 , 0.45391472,
       0.31525741, 0.06713081, 0.85809379]), array([0.84420229, 0.51355132, 0.02401561, 0.23542476, 0.74861506,
       0.53872087, 0.78763123, 0.62536985]), array([0.41141471, 0.31509604, 0.53271376, 0.83930047, 0.64852983,
       0.98472341, 0.55616276, 0.4426901 ]), array([0.52735592, 0.50621654, 0.18012709, 0.04652651, 0.17016998,
       0.53895458, 0.1691261 , 0.52305811]), array([0.22082186, 0.19147959, 0.26640937, 0.31435567, 0.71648387,
       0.74613624, 0.17537916, 0.75623002]), array([0.34575559, 0.61575874, 0.02801778, 0.        , 0.23324645,
       0.41865783, 0.10519639, 0.53363545]), array([0.56447992, 0.2059338 , 0.24097243, 0.82579684, 0.45442362,
       0.80184223, 0.79558668, 0.45591428]), array([0.68989778, 0.55943633, 0.2827445 , 0.13947264, 0.53720702,
       0.29631063, 0.3281577 , 0.35821296]), array([0.9960522 , 0.43409375, 0.16518025, 0.87763976, 0.46776599,
       0.75018067, 0.75735049, 0.73894024]), array([0.89299262, 0.1418195 , 0.2730668 , 0.46386426, 0.46158647,
       0.95978521, 0.61394181, 0.85102632]), array([0.56894687, 0.45611056, 0.14959553, 0.33985156, 0.4644424 ,
       0.82154287, 0.0947779 , 0.551754  ]), array([0.55509631, 0.50909852, 0.53863049, 0.54581086, 0.08157347,
       0.4417649 , 0.91834362, 0.04542385]), array([0.71160076, 0.56103647, 0.07535419, 0.20911649, 0.56923744,
       0.47718327, 0.33303012, 0.09158659]), array([0.68677324, 0.54991892, 0.10267178, 0.10039472, 0.32830866,
       0.45586764, 0.33339382, 0.51630715]), array([0.60836829, 0.1777199 , 0.16203395, 0.        , 0.38359317,
       0.22839316, 0.26786532, 0.33657097]), array([0.44325134, 0.23445483, 0.31934265, 0.02165418, 0.46099642,
       0.246792  , 0.90996044, 0.2564179 ]), array([0.09169416, 0.39076007, 0.00149241, 0.30356938, 0.83538175,
       0.83343924, 0.42758506, 0.66308954]), array([0.14258474, 0.1595336 , 0.35835917, 0.10337404, 0.2272925 ,
       0.27840294, 0.23126954, 0.50182461]), array([0.80504245, 0.6137515 , 0.52665488, 0.        , 0.86245882,
       0.34946071, 0.78697864, 0.15419677]), array([0.63619281, 0.70513332, 0.01615457, 0.23954934, 0.58841888,
       0.65386383, 0.20539741, 0.64838639]), array([0.40952969, 0.53282699, 0.30698444, 0.08794166, 0.19241219,
       0.51900454, 0.21774405, 0.51446323]), array([0.58612856, 0.        , 0.27932052, 0.93920145, 0.47763974,
       0.47161065, 0.29679393, 0.76614937]), array([0.87668116, 0.75111429, 0.087446  , 0.63708759, 0.31363086,
       0.95744405, 0.28029496, 0.66960074]), array([0.35193482, 0.39427014, 0.27763027, 0.76171266, 0.27533442,
       0.36816095, 0.32873462, 0.44277863]), array([0.69360004, 0.71804528, 0.02332523, 0.02398305, 0.79978176,
       0.30852754, 0.20421999, 0.7710128 ]), array([0.47454353, 0.03361075, 0.39928642, 0.40747451, 0.72896681,
       0.7099954 , 0.91001656, 0.35858981]), array([0.22082186, 0.19147959, 0.26640937, 0.31435567, 0.71648387,
       0.74613624, 0.17537916, 0.75623002]), array([0.6860513 , 0.54777264, 0.07098394, 0.        , 0.31176027,
       0.76373946, 0.31168863, 0.60100374]), array([0.77507804, 0.52120294, 0.        , 0.34614857, 0.53850044,
       0.68525654, 0.27075439, 0.29668191]), array([0.63267722, 0.59003507, 0.07678775, 0.26304238, 0.37102841,
       0.48230849, 0.04175075, 0.50979706]), array([0.72119555, 0.91137299, 0.33725984, 0.26974372, 0.34353776,
       0.83385695, 0.12699789, 0.90284726]), array([0.90030867, 0.79160743, 0.084819  , 0.14165592, 0.49915584,
       0.52093581, 0.30239142, 0.80025602]), array([0.68768879, 0.54958162, 0.10772656, 0.09089046, 0.23802987,
       0.47170866, 0.41112441, 0.22429846]), array([0.65341785, 0.02609459, 0.46456983, 0.95241169, 0.53929739,
       0.90671678, 0.71588274, 0.96444676]), array([0.09286579, 0.55364401, 0.01316099, 0.22458508, 0.57874708,
       0.84442695, 0.22215258, 0.65456362]), array([0.6822717 , 0.54815214, 0.07559753, 0.        , 0.24557273,
       0.40220996, 0.43747086, 0.22131054]), array([0.53338126, 0.62306112, 0.        , 0.17529811, 0.16472585,
       0.43469027, 0.75552863, 0.16418431]), array([1.        , 0.29453457, 0.16856965, 0.53310207, 0.09674946,
       0.48554928, 0.38828949, 0.491027  ]), array([0.83369651, 0.71946319, 0.34654731, 0.72165869, 0.06327612,
       0.73572767, 0.37072838, 0.62505572]), array([0.36501199, 0.47454365, 0.27544345, 0.08687927, 0.62467154,
       0.37053087, 0.24737987, 0.68922281])]
Mejor valor fitness:  61.62337662337663 Indice:  37
Tiempo de ejecucion AGE BLX_alpha:  2379.526393890381
Torneo entre:  [0.26185083 0.6174147  0.59778537 0.89076568 0.16406931 0.82204277
 0.357944   0.78691921] [0.97820268 0.92666001 0.86983355 0.66297942 0.07903249 0.86468403
 0.0074513  0.7484432 ]
Devolvemos  [0.97820268 0.92666001 0.86983355 0.66297942 0.07903249 0.86468403
 0.0074513  0.7484432 ]
Torneo entre:  [0.01124036 0.86505724 0.59188506 0.67058481 0.87965651 0.62183512
 0.35126707 0.11895969] [0.54240607 0.553196   0.22949794 0.99999213 0.71613751 0.82315025
 0.37833222 0.84080964]
Devolvemos  [0.01124036 0.86505724 0.59188506 0.67058481 0.87965651 0.62183512
 0.35126707 0.11895969]
Torneo entre:  [0.26185083 0.6174147  0.59778537 0.89076568 0.16406931 0.82204277
 0.357944   0.78691921] [0.97820268 0.92666001 0.86983355 0.66297942 0.07903249 0.86468403
 0.0074513  0.7484432 ]
Devolvemos  [0.97820268 0.92666001 0.86983355 0.66297942 0.07903249 0.86468403
 0.0074513  0.7484432 ]
Torneo entre:  [0.01124036 0.86505724 0.59188506 0.67058481 0.87965651 0.62183512
 0.35126707 0.11895969] [0.54240607 0.553196   0.22949794 0.99999213 0.71613751 0.82315025
 0.37833222 0.84080964]
Devolvemos  [0.01124036 0.86505724 0.59188506 0.67058481 0.87965651 0.62183512
 0.35126707 0.11895969]
